0.703424
1.13846
1.55283
1.50744
1.46206
1.45599
1.44992
1.44458
1.43925
1.40948
1.37971
1.3842
1.37971
1.35216
1.32461
1.32379
1.32461
1.32379
1.32298
1.32379
1.32298
1.32298
1.31997
1.31935
1.31884
1.31884
1.29913
1.29225
1.2841
1.28255
1.28255
1.28247
1.1742
1.17197
1.16068
1.14835
1.13967
1.13811
1.13719
1.09901
1.0958
1.0958
1.08804
1.08761
1.08425
1.08425
1.07194
1.06799
1.06799
1.06673
1.0592
1.04875
1.04875
1.04875
1.04875
1.04377
1.03375
1.0225
0.988466
0.98443
0.968971
0.960051
0.95748
0.951489
0.944024
0.902891
0.897452
0.897452
0.890408
0.888538
0.883261
0.876612
0.869148
0.869148
0.864748
0.864748
0.847241
0.836633
0.824604
0.801493
0.770662
0.764245
0.742414
0.742414
0.720212
0.720212
0.712613
0.70916
0.708009
0.705967
0.698935
0.680264
0.666745
0.598119
0.586559
0.582096
0.578444
0.560071
0.554532
0.549091
0.549091
0.541357
0.534238
0.532843
0.509378
0.505836
0.501295
0.491191
0.482646
0.475651
0.434762
0.43224
0.431023
0.429019
0.418911
0.409757
0.403857
0.400135
0.393262
0.390057
0.382154
0.380084
0.378442
0.363364
0.326841
0.322087
0.316908
0.285721
0.278242
0.264045
0.263848
0.262315
0.25931
0.237081
0.236186
0.229593
0.227971
0.217367
0.205279
0.193111
0.187027
0.184179
0.174462
0.150517
0.137563
